908173299
256322721
379430796
881079674
8720180
720329425
926456761
595763132
584692210
789108801
938004622
372113356
844808423
940190916
618627587
327064011
11918155
16334392
410920422
540414820
929946146
857919236
919709391
370060152
956516508
739247991
331330436
546419937
499089644
255887103
645697177
667199699
56273196
451966477
139748001
685226306
115191955
452708607
796338561
535546948
125682016
69994159
727234610
790997036
422604208
696487804
270445535
229151851
798086090
867035528
231457023
985812664
884433349
751291416
41959575
269646970
172114783
118187467
339013909
337431416
358364138
130533671
756314041
573644564
874029468
830082818
518053105
525418836
558692542
81903871
904335859
307216152
787874995
111008576
239481581
340043607
473133578
664710719
689672216
510537450
833171833
613527215
843221014
989172055
483471060
700982351
936059376
961463746
620117876
340158506
372745599
640279909
152817268
201711535
467660256
778081194
601624527
666803756
585365521
178008980
208941502
827082815
198581264
947642748
921838881
502208983
311866705
282797785
857632928
174081081
687202590
844491290
715800789
103139091
633904287
2675417
195382341
22999398
98770480
450304677
337451540
704226069
158390878
987500216
165507046
283240981
513019232
86027173
748824563
926756098
508888388
837749708
883105539
979481017
459401129
977329717
394542792
631434876
426915002
896335991
88556778
962210099
894145627
324577539
151498341
443054647
56033904
983186845
438756682
611106842
157412682
591598760
604123450
688338204
493444402
38806874
271702090
704304474
422602880
604358685
731013990
264921194
80986387
976548468
136338338
777575521
804739172
438597412
441306234
401911944
151240654
788466972
291907915
813509214
67474984
911364636
288374865
567768259
821660860
580743428
944700371
862484931
558707209
355819640
900648476
800707436
464908349
284339728
703493928
892275268
806496734
272541490
43237243
156768854
759021507
82354745
336612104
651671758
182577420
537710333
223722014
580844583
299232788
124823346
901311590
493773346
959563642
701308799
54352644
512275380
760536336
18172447
812430011
493607427
662652359
179549311
994410185
768808092
448315703
79800697
600406528
407536269
946931836
999132513
355797542
961431777
428149732
419716888
630397665
299568156
360849979
658445132
994514476
579518810
188552747
522760061
215884941
914019995
347951553
253783053
349462082
555515563
453159336
224684349
770968045
284067917
224233380
85528166
489404382
357562970
497888553
345597372
941252665
779377750
780804954
628721831
152561146
548197597
251093621
965520693
253704864
233865856
904020458
185346662
475843594
150088556
763818066
625940462
77298342
418481879
358456926
713875466
219326511
823686844
592199399
441359441
517423381
811935251
24898207
368489247
780958669
22765672
241904571
393912319
848944723
780195410
620216994
621384189
989254471
726217929
234147370
339803137
87210059
488260804
770149688
270957347
605410732
479762526
800216254
76459405
762399370
533808420
419941494
446557035
653775169
660960891
550063179
651924214
255285375
972047976
333993714
242522606
106766059
704328820
320670026
393655371
20281635
532933759
314329695
493584066
545045063
745545367
217348895
24601452
148034300
160900629
900426065
368517759
456183157
237007883
297937052
997225983
804800224
646470693
956837084
787074672
422413477
511139598
914342320
764431351
135725296
453341930
391628182
499822714
377343626
949424776
263247587
323279224
598448174
340444872
255814258
104513490
551503488
645544107
126807886
807588970
443927678
143886845
678111225
333328599
896625971
900118619
759416788
226784203
347735034
652688338
445229586
254882189
593296091
306874010
364835529
674468009
328629852
311817520
552004854
959635971
495555873
304554747
457945309
527360952
787465979
483512218
836519216
72795163
151514895
908641380
990948855
387074799
614630693
54039917
26939310
951380891
611207378
703369565
885368092
28735034
305369762
168490214
426800640
863357462
461251435
357278191
717243247
80731463
187527180
49730175
15638437
159285413
26670521
78274546
698784553
232767433
849005214
854431611
267735501
769502228
507800238
181856239
334199247
470747382
773276636
854009128
776196386
296207307
237750723
331401535
126982565
305158512
586672122
67420168
550225868
190079962
918491685
664959006
32739786
46169896
958629265
113720453
820067407
866397264
371463067
668951849
742528065
635980974
279710185
611405705
5796298
77992447
15941954
709605017
542571845
545021205
818304042
247542715
746179267
358912881
953471939
67184586
365230951
386399275
452758622
200492595
380522513
359964579
687792975
915266819
458462541
53768133
453035499
502336200
837092671
38985750
241837812
83911566
757629748
679173267
917257057
131024085
515042501
275282494
521010066
828262777
717189487
951106947
889173446
40495466
649026371
328468096
705819870
844837171
451628605
753981848
834219115
841170628
876321912
972021491
104757855
713114577
650029621
384708983
409668018
686791276
131119076
648990096
915027059
980798202
202851684
592417728
30802908
403447955
223341836
383389571
744125524
329826208
713077805
935511515
126594572
772701605
972590202
690344257
130848612
487854226
945466483
715848762
837898533
518933067
888622359
571489363
272946440
278394546
183506699
486059202
395487861
944980925
497285709
364913198
596566552
459177271
156494123
45126626
500970057
452951645
860891194
930333788
161695275
681347213
695239398
815867206
60599304
408703027
616445414
773628146
536193309
438641540
902622667
952700547
998017378
365142764
392469395
985438402
169836565
601879418
588689050
691382268
580499098
569532747
732298274
170394482
3009100
223672300
117592105
840365772
444872408
774738909
176372569
249589897
999147925
563823828
201972658
255434344
234447039
777895780
187287623
582021264
555379317
790231288
64810730
212527706
294785554
352106626
140397762
994098730
499042567
595204321
855903864
476065664
914097114
769946698
408069329
316521244
166413172
191340356
496697356
363870769
853148852
9649130
814706412
838864526
47207513
158867431
115427607
963337477
152104668
458192823
9174236
474994722
163535412
574330454
105412631
715543737
855371632
482044699
489056094
205992439
779790075
939371490
267585768
552866782
811936673
511463747
996777835
268727093
382813076
471095645
699770524
665458877
231873813
114984277
349769239
376952960
925049234
688426545
211237003
968077493
587827089
439809770
544668694
503094328
366354772
418638797
589492100
597376268
797418147
74334338
482234287
130598446
971554977
338291206
91744521
467431967
595182128
112645365
830546622
492834034
442087466
837272081
497606486
93203479
292045922
276667073
388818822
890309134
680590433
376494519
603729663
544377038
821493839
363237972
500558604
202739789
520976516
438130862
169447895
839634864
788310032
715394684
328609872
586575103
919505839
885143825
907282327
48932797
959917697
678478736
618698860
979082299
472320855
70117177
412710802
884356991
646185580
133642900
190028530
838917893
333932169
221124097
530491239
854199698
438026057
453185394
910623359
86670232
378079131
217669826
871684660
489613288
390327686
869203742
153567723
75546143
342683673
701128127
134575709
647868714
43511785
83676201
774017223
413565223
45024210
880070454
261712542
496517816
121543917
499700179
794559755
217259808
967953986
91199473
959629374
535926079
516945671
81163619
707128779
357466762
863937515
621553573
253787411
600205610
515226964
328849322
609750836
970524802
185622472
872167265
634063242
856269268
293765240
351640357
685779149
407783861
186585853
430170933
890854387
963781362
935730416
552167708
262485677
24192704
936802891
203645674
663430367
398736861
68006664
939653452
442156101
406201662
706510174
697236021
163604579
728579105
33439201
461900528
73120078
587402314
663089661
953720762
135355822
333379883
716073681
252315350
940323589
854548465
64303627
672097901
456749261
237261936
656799408
47763655
396298767
366124542
347714220
509563007
245778836
854807855
785054414
162041490
892289949
871488692
840714450
168610878
287525451
786879173
450276033
488927465
227512846
708350745
148224064
656555535
212235392
330918004
818647400
230836390
263518404
320804418
167114938
836764220
973450080
351617747
164062117
817347159
923490425
179396515
609735551
981547157
394805386
341291520
244540249
957680674
901068362
842095820
825136117
708037440
371512991
654660326
231092079
264778513
327231800
906716852
931555160
730944946
816753807
912902209
383582409
465498707
660445192
44395203
538289062
570523975
824451345
535279801
691460662
17234022
216167451
819682961
609621342
811436639
753788152
385595017
259711855
877664851
710229675
615887025
971280388
865198833
135422836
457400661
873561067
528079374
799431047
947842027
12890229
741147539
57845179
90995234
3408237
541779351
770619343
621960717
400156048
451358310
261995607
271669107
269584656
606612926
376954748
38930092
985828883
440966400
140135035
992591576
217926176
727538927
544775100
637222334
860496025
931819483
659790190
559260335
59659168
816228744
381521594
368491527
36811027
838952611
719214426
835789241
539553864
17062921
780186621
746733141
999889831
713722161
204153303
454406770
487354500
120579896
148113881
803625557
51215472
200463453
666904369
434474126
184099702
550100648
32731765
376846557
806372660
460392880
624518867
354580726
188344234
829563758
133083508
107169792
507612032
941308238
836470739
195779713
695808069
188666178
70156182
471022736
458966830
833108032
884092661
523855372
271137408
220057114
380795434
725055696
687639370
721484000
264148014
976789600
225747264
618008211
881775415
810971007
938316624
798407329
228858233
155411570
297231659
27120737
9302492
152979686
169437077
292849652
96183583
8587634
495581011
66941679
586413411
510733913
306400302
433181536
439050912
741568885
563814297
961133270
526802010
326719917
48426096
981134959
455564243
443132
711923001
152237358
46897537
